dataset: UADFV
acc: 0.7944498225233947
auc: 0.9358832427857662
eer: 0.13630490956072353
ap: 0.943597908052769
pred: [0.3166655  0.05343941 0.02978413 ... 0.99756503 0.7774646  0.08567796]
video_auc: 0.9633486047480218
label: [0 0 0 ... 1 1 0]

